002384
601138
002475
300476
002463
002938
002241
603296
688775
688183
300866
301606
601231
300408
603019
300857
301018
002837
300499
301489
300308
300502
000988
002281
300620
688027
301165
688702
601869
600562
688629
688256
688041
688709
688795
688802
603893
688018
688099
688608
688591
688123
688008
300475
301308
688525
688766
300456
688249
688120
688535
688200
002156
688172
688072
688012
002371
688409
300757
688170
688234
300316
600703
600330
600641
300655
603650
300398
600392
600111
000831
300748
600366
000970
300127
600206
688122
300618
603799
000603
000737
600711
688235
300199
688117
688131
002653
688506
688670
301207
688617
688236
688656
300450
688499
688155
002008
688559
300750
300014
002074
301358
300073
001301
603659
300037
002407
688411
300274
300827
605117
688472
688676
002518
301291
603530
002050
601689
603486
300660
603009
300100
300580
300652
002896
002472
603728
688160
300946
002850
300953
603662
301488
688322
688400
301076
688716
301069
600114
688210
300885
301091
300768
688631
301236
300339
300378
301117
301095
600118
601698
600879
300455
300136
688002
300516
688333
300720
